01	0	211157
01	0	4093151
01	0	10384146
01	0	13145267
01	3984727	7587829
01	4862819	7562505
01	5121172	10603925
01	8969025	10231643
01	12440782	12574938
01	12440782	12574938
01	12453078	17085695
01	14473430	24238624
01	22334383	52225029
01	24078773	53916420
01	24186681	52681319
01	24706144	49768400
01	53201472	53762081
01	53383165	60346271
01	54541207	58709704
01	55443908	57260691
01	57814833	67709468
01	59838155	65758901
01	60761235	63338491
01	62300652	63488948
01	62346177	63163769
01	63156348	64948356
01	63246853	63261969
01	64685255	66607564
01	65810643	66259704
01	65810643	66259704
01	67800819	71268120
01	67845190	70448561
01	67892129	67900035
01	67976288	70031057
01	67986544	69969008
01	67987870	69960981
01	68010881	72248842
01	68050538	72016423
01	68077922	69728620
01	69552100	71436960
01	69750253	71398896
01	69892099	74204679
01	69944222	72244293
01	70051648	71848220
01	70924602	76912479
01	71009231	74176341
01	74818452	78396425
01	74861286	75074421
01	75100899	75610212
01	75434106	80878678
01	76632844	77179306
01	77174548	80878678
01	77677015	80878678
01	77906780	80878678
01	78396425	80878678
02	1212467	1328598
02	20403133	48551270
02	46920192	47906825
02	53871073	55116774
02	55942086	58987393
02	59553889	59820305
02	60182134	66050977
02	60196248	62096609
02	60430131	61822597
02	61694064	62349440
02	61967503	62028321
02	62689548	64812500
02	64092800	70841631
02	65000264	65241434
02	65325908	65679315
02	65325908	65679315
02	66467661	67569058
02	70169066	71574179
02	70281793	71271489
03	0	1944223
03	0	2414897
03	1933237	4813552
03	2977479	6134556
03	2992535	3031013
03	2992535	3031013
03	3030648	6095949
03	10930634	11217098
03	10981234	11835426
03	11186989	16226614
03	54694928	55637718
03	57345229	57756253
03	57785983	59104763
03	58295561	62553856
03	58852769	62427436
03	60567650	63587224
03	60944106	65311221
03	61027324	61443413
03	61027324	61443413
03	62348756	65707234
03	65311221	69143817
03	65382012	69143846
03	65416545	69211928
03	67037126	67647534
03	67111051	72337616
03	67683265	74384257
03	69596756	69798756
03	69933510	72862046
04	0	6652660
04	2655500	4670409
04	4631797	7355684
04	6440072	6705702
04	6536334	6559540
04	6536334	6559540
04	7130950	7299969
04	7600729	7978358
04	7600729	7978358
04	8893914	10023005
04	10150746	51097958
04	12727824	50670016
04	13362712	50084108
04	40527714	50615790
04	41692886	45157832
04	49564880	49952466
04	51547982	53486830
04	52737876	53406976
04	53628830	61766744
04	55962847	61572196
04	61584928	62136015
04	61708307	61746000
04	61903404	61937534
05	1043559	1187186
05	1044889	1188516
05	1245237	2002798
05	1283034	1426661
05	4599482	4762582
05	6050109	7705679
05	6359430	51575227
05	10987116	11127884
05	11107972	52515528
05	52492430	52967943
05	62337310	62913651
05	67851150	68385071
05	68360067	69480720
06	0	588689
06	0	1474922
06	498577	1415885
06	1691177	2061323
06	1799691	2589025
06	2228951	8472349
06	2372572	3688256
06	3153035	14654536
06	3472068	20655330
06	3635207	46020000
06	3721369	39450587
06	4077524	40639054
06	4224132	44947718
06	4264655	45067310
06	4307792	39494908
06	4307792	39494908
06	4307792	39494908
06	4382639	5864933
06	4383582	21321994
06	4424055	7760215
06	4424055	7760215
06	7472684	42208514
06	17619179	21801773
06	21046774	44929023
06	21205500	44995144
06	22445901	43378078
06	24072026	38838096
06	24629142	28811735
06	27834658	38482472
06	39296212	43944566
06	39541646	40039487
06	39546321	40044162
06	39611012	42122635
06	39661770	43305946
06	39721670	43724638
06	39835707	40333547
06	40100000	44830000
06	40100000	44830000
06	40100000	47611759
06	40337939	42465701
06	40348730	43578364
06	40348730	43578364
06	40405204	41686861
06	40606494	47854118
06	40606494	47854118
06	40606494	47854118
06	40661071	42013476
06	41649521	42285016
06	41831804	42467299
06	41928794	42545634
06	42170213	42587281
06	42199287	42592297
06	42202457	46264575
06	42307792	47854118
06	42326720	42614282
06	42326720	42614282
06	42361473	42620277
06	42432612	42632550
06	42466029	42638315
06	42484550	42641510
06	42484550	42641510
06	42540842	43514210
06	42599451	42848188
06	42599455	42848208
06	43015157	43546856
06	43154841	43616603
06	43154841	43616603
06	43185450	43627390
06	43185450	43627390
06	43185450	43627390
06	43185450	43627390
06	43266670	43656011
06	43370397	43692563
06	43521211	43745709
06	43521211	43745709
06	43521211	43745709
06	43561140	43552650
06	43656256	43843622
06	45068058	50945027
06	45288171	51849509
06	45391187	45542964
06	45391187	45542964
06	45391187	45542964
06	45931679	46047954
06	46449918	47615779
06	46561447	47218142
06	46568000	47216519
06	46773612	48200277
06	46873431	48045350
06	46995444	47855975
06	47028784	48266492
06	47229819	48711265
06	47744992	48331292
06	47940683	48245242
06	47940683	48245242
06	47940683	48245242
06	48540991	53719119
06	49724186	50568221
06	49770430	58147596
06	51130764	51313487
06	51611228	52465988
06	52312980	53667965
06	52949402	53290251
06	52949402	53290251
06	54556952	55269043
06	54646541	56082737
06	55388365	57296015
06	55388930	55541541
06	56618606	61260478
06	58558543	60251431
06	60215708	60319261
06	60215713	60319275
06	60215713	60319275
07	2920365	3268283
07	3279177	6275405
07	3480589	6278744
07	4151830	4816827
07	6820348	58756180
07	6826568	57971602
07	7112525	55191952
07	7830451	9281783
07	7984338	55393154
07	8232161	55287444
07	8712875	57944556
07	8851333	57807640
07	9405940	54786763
07	9644158	54175110
07	10020434	53294723
07	42199948	57729128
07	52284804	57820875
07	53924374	57857968
07	55190663	57760757
07	55307429	58247129
07	55307429	58247129
07	55594212	57806097
07	55623179	58063222
07	55651706	57797202
07	55677613	57793194
07	55780308	57691804
07	55782851	57724245
07	55782851	57724245
07	55782851	57724245
07	55782851	57724245
07	55782851	57724245
07	55782851	57724245
07	55782882	57692202
07	55801493	57714954
07	57683232	58901776
07	57709453	58412499
07	57716834	58775268
07	57736518	58152279
07	57800124	61308327
07	57800124	61308327
07	57800124	61308327
07	57813909	58409795
07	57821927	58423229
07	58123756	59529121
07	58160919	59527730
07	58363680	58895137
07	58480000	61100000
07	58507805	59554217
07	58684345	59149792
07	58787996	59544652
07	58850000	61098149
07	58858415	59547856
07	58866126	59546987
07	58884005	59546414
07	58890121	59546219
07	58954614	59544153
07	58956891	59527324
07	59050000	61098149
07	59050000	61098149
07	59100515	59540617
07	59200000	61098149
07	59252522	59415955
07	59257250	61520522
07	59299401	59535766
07	59313469	59536089
07	59318526	61466532
07	59369311	59541275
07	59369311	59541275
07	59411225	59527708
07	59482862	59544169
07	59527178	59530654
07	59527178	59530654
07	59528426	61227449
07	59529297	59532773
07	59529707	59533182
07	59529707	59533182
07	59530115	59533591
07	59530650	59534126
07	59530650	59534126
07	59530650	59534126
07	59531861	61538775
07	59532373	59535848
07	59532884	59539609
07	59533245	61194122
07	59533968	59537444
07	59533968	59537444
07	59533968	59537444
07	59533968	59537444
07	59533968	59537444
07	59540301	59550613
07	59541977	61443045
07	59542158	59552927
07	59542355	59549769
07	59551731	61527847
07	59553534	61880495
07	59554149	61141251
07	59554845	61124012
07	59554845	61124012
07	59555540	61106772
07	59555540	61106772
07	61174595	61610181
07	61186047	61860502
07	61208504	61729096
07	61296757	62011565
07	61413838	61894485
07	61806978	65460255
07	61910344	63327593
07	61971712	64586189
07	62056310	63903657
07	62075142	62161340
07	62075142	62161340
07	62075142	62161340
07	62110413	63178356
07	62251233	64417344
08	1896920	3249436
08	5070472	57519538
08	6037710	6533374
08	6037716	6533429
08	8198323	56470074
08	53884235	56649242
08	56660910	58901165
08	56697504	59292212
08	57490102	57508475
09	396095	2369542
09	1235434	2644633
09	2110000	2210286
09	2110015	2210294
09	2110017	2210295
09	2110020	2210297
09	2110022	2210298
09	2110024	2210299
09	2110028	2210301
09	2110030	2210302
09	2378085	2788079
09	3081469	3358112
09	5121127	8157597
09	5233254	5507194
09	5233258	5507213
09	5233260	5507222
09	5233261	5507227
09	5233263	5507236
09	5233266	5507250
09	5270218	8138133
09	8157530	8157633
09	8157572	47755439
09	45451222	47753233
09	48015059	48223206
09	50485160	52315831
09	50633456	52598530
09	50718886	51490320
09	51844540	52079569
09	51845427	56983864
09	52500363	57941639
09	52719464	55273795
09	52872251	53122304
09	53838641	59193962
09	53838641	59193962
09	53838641	59193962
09	53838641	59193962
09	53864003	57979606
09	53891036	57860484
09	54218678	57958850
09	54697728	57997570
09	55057966	57915392
09	55353960	57947320
09	55625467	57924294
09	55668348	56265567
09	56186991	57963139
09	56568827	56776460
09	56643753	57916549
09	56779950	57194940
09	56941893	57917210
09	56942211	57292395
09	57025621	57108674
09	57091740	57916828
09	57151967	58010305
09	57251733	57293293
09	57251733	57293293
09	57251733	57293293
09	57278359	57297926
09	57278359	57297926
09	57292539	57929942
09	57303035	57536560
09	57327486	57634721
09	57327486	57634721
09	57327486	57634721
09	57327486	57634721
09	57327486	57634721
09	57327486	57634721
09	57327486	57634721
09	57441509	57986367
09	57474075	57954737
09	57489318	59398238
09	57497672	57777093
09	57498502	57777777
09	57498502	57777777
09	57498502	57777777
09	57498502	57777777
09	57498502	57777777
09	57498502	57777777
09	57498502	57777777
09	57498502	57777777
09	57589609	57852937
09	57605941	57866409
09	57605971	57866434
09	57605971	57866434
09	57650529	57899639
09	57722044	57874117
09	57732191	57902814
09	57775368	57916277
09	57900599	57968816
09	57903966	59398238
09	57908288	59398238
09	57910496	57920351
09	57918177	58684613
09	57919119	57928974
09	57938250	57975981
09	57938294	57948149
09	57951888	57961743
09	57965000	57974855
09	57965000	57974855
09	57965000	57974855
09	58013103	58711162
09	58013103	58711162
09	58013103	58711162
09	59192467	59398238
09	60000000	60000000
09	60000000	60000000
10	1518275	8359099
10	5270000	7590000
10	5270000	8600000
10	5270000	52240000
10	5270000	52520000
10	5813066	50273259
10	6049853	46078458
10	7356520	9741996
10	7649482	11172964
10	7686253	10509489
10	8044545	51747348
10	8640125	45554247
10	9185221	52571741
10	10627652	13583029
10	50276643	50526633
10	52112522	56441485
10	52619425	56427175
10	52648924	56417593
10	52963428	56323082
10	53415467	53742139
10	53547068	56414894
10	54127905	56896731
10	56548575	60429301
10	58818244	60429267
10	58838623	60429280
